# =============================================================
# Project Zomboid - Workshop Mods
# Coleção: https://steamcommunity.com/sharedfiles/filedetails?id=3707596351
# =============================================================
# Um Workshop ID por linha. Linhas com # são ignoradas.
# Para adicionar/remover mods, edite este arquivo e reinicie o container.
# =============================================================

# --- Mapas ---
3484263516
3037854728
3134394569
3480990544
3644794945
3391877435

# --- Proximity / UI ---
3624308198
3669550831
2903771337
3663625294
2710167561
2286124931
2544353492
2553809727
2169435993
3623919908
3077900375
3396446795
2732294885
2804531012
2901962885
2852309899
3670220111
3637486686
3662387304
3642084851
3688576740
3674800555

# --- Veículos (KI5) ---
2870394916
2937786633
3478633453
2900580391
3005903549
2772575623
3041122351
3566868353
3447272250
2478247379
2991201484
3258343790
3026723485
3631989559
2873290424
3642935062
2913633066
3161951724
3213391371
3490370700
3346905070
3248388837
2799152995
3379334330
3253385114
3320947974
2886832257
3596903773
3592777775
2811383142
3409287192
3601417745
2805630347
3418252689
3418253716
3413704851
3614034284
2566953935
3428008364
3413706334
3110911330
3196180339
3226885926
2886832936
3435796523
3052360250
2886833398
2932549988
3570973322
3034636011
3110913021
3292659291
2952802178
3366300557
2942793445
3539691958
2409333430
3504401781
3008795514
2642541073
3287727378
2962175696
2846036306
3073430075
3152529790
2969343830
3088951320
2932547723
3001592312
2897390033
3315443103
2971246021
2625625421
3330403100
3286593534
3652371248
3658338529
3670063857
3679880253
3647736504
3703948448
3684254299
3649632887
3658499522
3662731107
3695447591

# --- Veículos (outros) ---
2983702434
2989871420
3006496838
3407042038
2535461640
2757712197
3403490889
3436499337
3430172149
3634329875
3543229299
3635856965
3670959466
3672913009
1539281445
3677217949
3649632887

# --- Armas ---
3669048618
3675414260
3689524052
3668370011
3665548194
3651242585
3637364024
3682106012
3682076457
3684674703
3671176591
3693258802
3680633169
3661164291

# --- Roupas / Armor ---
1962761540
2432621382
2850935956
2142622992
3649092715
3682171041
3682395520
3675741487
3687353319
3671351750
3698401476
3699104148

# --- Gameplay ---
3403870858
3637785169
3428369137
2883755057
1299328280
2503622437
2956146279
3634569678
3643807578
3638921584
3667553980
3694485272
3650822948
3646057565
3669302820
3643808082
3666938579
3676347667
3650168851
3691034292
3659182538
3643765614
3638633196
3641697417
3639628777
3656190498
3670133839
3677858792
3659605156
3685672179
3661336777
3436537035

# --- Libraries / Frameworks ---
3346506593
3046728955
3171167894
3402491515
2392709985
2851764922
3378285185
3378304610
3624971238
2896041179
3684087856

# --- Misc ---
2535461640
3662731107
